2 10000000 11.599510 1.639769
2 10000000 11.599510 2.009115
2 10000000 11.599510 1.716943
2 10000000 11.599510 2.004862
2 10000000 11.599510 1.962339
2 25000000 11.599509 5.026969
2 25000000 11.599509 4.152978
2 25000000 11.599509 5.013577
2 25000000 11.599509 4.519660
2 25000000 11.599509 4.989459
2 35000000 11.599510 7.029589
2 35000000 11.599510 5.751559
2 35000000 11.599510 5.780951
2 35000000 11.599510 7.001163
2 35000000 11.599510 5.845921
2 50000000 11.599509 10.059861
2 50000000 11.599509 10.028990
2 50000000 11.599509 10.058828
2 50000000 11.599509 8.260026
2 50000000 11.599509 10.050142
4 10000000 11.599510 0.639031
4 10000000 11.599510 0.638317
4 10000000 11.599510 0.667074
4 10000000 11.599510 0.648933
4 10000000 11.599510 0.676311
4 25000000 11.599509 1.523094
8 10000000 11.599510 0.318278
8 10000000 11.599510 0.287477
8 10000000 11.599510 0.352973
8 10000000 11.599510 0.336391
8 10000000 11.599510 0.283268
8 25000000 11.599509 0.714209
8 25000000 11.599509 0.689727
8 25000000 11.599509 0.813874
8 25000000 11.599509 0.707737
8 25000000 11.599509 0.691320
4 25000000 11.599509 1.683947
4 25000000 11.599509 1.488925
4 25000000 11.599509 1.416448
4 25000000 11.599509 1.415717
4 35000000 11.599510 2.066065
4 35000000 11.599510 2.223247
4 35000000 11.599510 1.973874
4 35000000 11.599510 2.050980
4 35000000 11.599510 2.067683
4 50000000 11.599509 2.953442
4 50000000 11.599509 2.882885
4 50000000 11.599509 2.921984
4 50000000 11.599509 3.332381
4 50000000 11.599509 2.988586
16 10000000 11.599510 0.743683
16 10000000 11.599510 0.734023
16 10000000 11.599510 0.734717
16 10000000 11.599510 0.743877
16 10000000 11.599510 0.738229
16 25000000 11.599509 1.846003
16 25000000 11.599509 1.846482
16 25000000 11.599509 1.832232
16 25000000 11.599509 1.833000
16 25000000 11.599509 1.838959
8 35000000 11.599510 5.506175
8 35000000 11.599510 5.496316
8 35000000 11.599510 5.497849
8 35000000 11.599510 5.502718
8 35000000 11.599510 5.521269
8 50000000 11.599509 7.836776
8 50000000 11.599509 7.934059
8 50000000 11.599509 7.786783
16 35000000 11.599510 2.563378
16 35000000 11.599510 2.577524
16 35000000 11.599510 2.561315
16 35000000 11.599510 2.580130
16 35000000 11.599510 2.561907
16 50000000 11.599509 3.666974
16 50000000 11.599509 3.685977
16 50000000 11.599509 3.659909
16 50000000 11.599509 3.676470
16 50000000 11.599509 3.664863
8 50000000 11.599509 7.815281
8 50000000 11.599509 7.834232
32 10000000 11.599510 0.357731
32 10000000 11.599510 0.357378
32 10000000 11.599510 0.359832
32 10000000 11.599510 0.359330
32 10000000 11.599510 0.360157
32 25000000 11.599509 0.892632
32 25000000 11.599509 0.360764
32 25000000 11.599509 0.279515
32 25000000 11.599509 0.261730
32 25000000 11.599509 0.351288
32 35000000 11.599510 0.396520
32 35000000 11.599510 1.248493
32 35000000 11.599510 1.249463
32 35000000 11.599510 1.245740
32 35000000 11.599510 1.248395
32 50000000 11.599509 1.777606
32 50000000 11.599509 1.788700
32 50000000 11.599509 1.777850
32 50000000 11.599509 1.787105
32 50000000 11.599509 1.776319
