2 10000000 11.599510 0.757653
2 10000000 11.599510 0.757687
2 10000000 11.599510 0.757228
2 10000000 11.599510 0.757639
2 10000000 11.599510 0.757558
4 10000000 11.599510 0.399952
4 10000000 11.599510 0.383379
4 10000000 11.599510 0.383252
4 10000000 11.599510 0.383284
8 10000000 11.599510 0.196335
8 10000000 11.599510 0.196286
8 10000000 11.599510 0.196374
8 10000000 11.599510 0.196323
8 10000000 11.599510 0.196254
16 10000000 11.599510 0.135457
16 10000000 11.599510 0.135500
16 10000000 11.599510 0.135635
16 10000000 11.599510 0.135477
16 10000000 11.599510 0.135610
32 10000000 11.599510 0.103261
32 10000000 11.599510 0.103268
32 10000000 11.599510 0.103350
32 10000000 11.599510 0.103283
32 10000000 11.599510 0.103442
32 10000000 11.599510 0.103348
64 10000000 11.599510 0.085839
64 10000000 11.599510 0.079908
64 10000000 11.599510 0.080732
64 10000000 11.599510 0.080586
64 10000000 11.599510 0.080558
128 10000000 11.599510 0.069278
128 10000000 11.599510 0.068082
128 10000000 11.599510 0.066248
128 10000000 11.599510 0.069898
128 10000000 11.599510 0.065960
256 10000000 11.599510 0.059842
256 10000000 11.599510 0.059523
256 10000000 11.599510 0.079499
256 10000000 11.599510 0.044518
512 10000000 11.599510 0.064319
512 10000000 11.599510 0.056550
512 10000000 11.599510 0.070007
512 10000000 11.599510 0.053440
512 25000000 11.599509 0.143740
512 25000000 11.599509 0.144770
512 25000000 11.599509 0.140554
512 25000000 11.599509 0.130671
256 25000000 11.599509 0.133942
256 25000000 11.599509 0.118561
256 25000000 11.599509 0.147784
256 25000000 11.599509 0.115387
128 25000000 11.599509 0.173656
128 25000000 11.599509 0.130652
128 25000000 11.599509 0.153432
128 25000000 11.599509 0.149037
128 25000000 11.599509 0.165481
64 25000000 11.599509 0.201790
64 25000000 11.599509 0.201445
64 25000000 11.599509 0.201253
64 25000000 11.599509 0.202595
64 25000000 11.599509 0.213452
32 25000000 11.599509 0.257709
32 25000000 11.599509 0.252243
32 25000000 11.599509 0.251214
32 25000000 11.599509 0.258426
16 25000000 11.599509 0.327588
16 25000000 11.599509 0.338921
16 25000000 11.599509 0.327511
16 25000000 11.599509 0.327791
8 25000000 11.599509 0.490762
8 25000000 11.599509 0.490654
8 25000000 11.599509 0.490658
8 25000000 11.599509 0.490670
8 25000000 11.599509 0.490749
4 25000000 11.599509 0.958194
4 25000000 11.599509 0.957799
4 25000000 11.599509 0.970717
4 25000000 11.599509 0.958024
4 25000000 11.599509 0.957992
2 25000000 11.599509 1.894056
2 25000000 11.599509 1.896691
2 25000000 11.599509 1.893152
2 25000000 11.599509 1.952857
2 25000000 11.599509 1.954788
2 35000000 11.599510 2.650966
2 35000000 11.599510 2.670466
2 35000000 11.599510 2.652636
2 35000000 11.599510 2.689202
2 35000000 11.599510 2.653622
2 35000000 11.599510 2.651848
4 35000000 11.599510 1.340722
4 35000000 11.599510 1.340877
4 35000000 11.599510 1.341339
4 35000000 11.599510 1.341100
4 35000000 11.599510 1.340781
8 35000000 11.599510 0.687007
8 35000000 11.599510 0.686897
8 35000000 11.599510 0.687024
8 35000000 11.599510 0.687351
8 35000000 11.599510 0.716246
16 35000000 11.599510 0.457040
16 35000000 11.599510 0.473821
16 35000000 11.599510 0.475825
16 35000000 11.599510 0.455970
16 35000000 11.599510 0.472383
32 35000000 11.599510 0.355462
32 35000000 11.599510 0.359490
32 35000000 11.599510 0.359036
32 35000000 11.599510 0.360659
32 35000000 11.599510 0.358998
64 35000000 11.599510 0.278204
64 35000000 11.599510 0.281555
64 35000000 11.599510 0.299491
64 35000000 11.599510 0.289117
64 35000000 11.599510 0.278901
128 35000000 11.599510 0.228177
128 35000000 11.599510 0.219817
128 35000000 11.599510 0.235772
128 35000000 11.599510 0.204443
128 35000000 11.599510 0.231442
256 35000000 11.599510 0.163165
256 35000000 11.599510 0.202567
256 35000000 11.599510 0.207405
256 35000000 11.599510 0.170222
256 35000000 11.599510 0.204529
512 35000000 11.599510 0.188413
512 35000000 11.599510 0.166151
512 35000000 11.599510 0.187722
512 35000000 11.599510 0.140817
512 35000000 11.599510 0.138289
512 50000000 11.599509 0.253477
512 50000000 11.599509 0.208104
512 50000000 11.599509 0.244014
512 50000000 11.599509 0.228433
512 50000000 11.599509 0.233531
256 50000000 11.599509 0.229948
256 50000000 11.599509 0.232412
256 50000000 11.599509 0.215118
256 50000000 11.599509 0.257745
256 50000000 11.599509 0.254001
128 50000000 11.599509 0.326155
128 50000000 11.599509 0.320311
128 50000000 11.599509 0.328813
128 50000000 11.599509 0.307248
128 50000000 11.599509 0.329240
64 50000000 11.599509 0.417923
64 50000000 11.599509 0.402388
64 50000000 11.599509 0.401654
64 50000000 11.599509 0.413760
64 50000000 11.599509 0.401763
32 50000000 11.599509 0.502676
32 50000000 11.599509 0.506902
32 50000000 11.599509 0.498275
32 50000000 11.599509 0.502129
32 50000000 11.599509 0.498381
16 50000000 11.599509 0.660583
16 50000000 11.599509 0.658248
16 50000000 11.599509 0.662984
16 50000000 11.599509 0.634902
16 50000000 11.599509 0.653187
8 50000000 11.599509 0.979989
8 50000000 11.599509 1.003746
8 50000000 11.599509 0.980551
8 50000000 11.599509 0.979612
8 50000000 11.599509 0.979479
4 50000000 11.599509 1.915692
4 50000000 11.599509 1.914275
4 50000000 11.599509 1.914743
4 50000000 11.599509 1.916494
4 50000000 11.599509 1.916652
2 50000000 11.599509 3.788707
2 50000000 11.599509 3.786220
2 50000000 11.599509 3.787941
2 50000000 11.599509 3.787032
2 50000000 11.599509 3.786563
160 50000000 11.599509 0.260859
160 50000000 11.599509 0.284784
160 50000000 11.599509 0.280711
160 50000000 11.599509 0.310113
160 50000000 11.599509 0.273524
160 35000000 11.599510 0.212976
160 35000000 11.599510 0.203414
160 35000000 11.599510 0.207539
160 35000000 11.599510 0.194603
160 35000000 11.599510 0.205058
160 25000000 11.599509 0.150687
160 25000000 11.599509 0.150537
160 25000000 11.599509 0.156333
160 25000000 11.599509 0.153956
160 25000000 11.599509 0.152629
160 10000000 11.599510 0.064590
160 10000000 11.599510 0.060855
160 10000000 11.599510 0.054601
160 10000000 11.599510 0.067452
160 10000000 11.599510 0.060864
1024 10000000 11.599510 0.038409
1024 10000000 11.599510 0.010072
1024 10000000 11.599510 0.038909
1024 10000000 11.599510 0.014939
1024 10000000 11.599510 0.044910
1024 25000000 11.599509 0.094101
1024 25000000 11.599509 0.091306
1024 25000000 11.599509 0.088200
1024 25000000 11.599509 0.081928
1024 25000000 11.599509 0.129368
1024 35000000 11.599510 0.153361
1024 35000000 11.599510 0.139228
1024 35000000 11.599510 0.163977
1024 35000000 11.599510 0.148455
1024 35000000 11.599510 0.165358
1024 50000000 11.599509 0.187628
1024 50000000 11.599509 0.189057
1024 50000000 11.599509 0.187773
1024 50000000 11.599509 0.213431
1024 50000000 11.599509 0.186954
