2 10000000 11.599510 5.330889
4 10000000 11.599510 2.666756
8 10000000 11.599510 1.344436
16 10000000 11.599510 0.689744
32 10000000 11.599510 0.292491
64 10000000 11.599510 0.167707
128 10000000 11.599510 0.256433
160 10000000 11.599510 0.225792
2 25000000 11.599509 13.310847
4 25000000 11.599509 6.698278
8 25000000 11.599509 3.350977
16 25000000 11.599509 1.711882
32 25000000 11.599509 0.805587
64 25000000 11.599509 0.436178
128 25000000 11.599509 0.590144
160 25000000 11.599509 0.422123
2 35000000 11.599510 18.673256
4 35000000 11.599510 7.835980
8 35000000 11.599510 4.652148
16 35000000 11.599510 2.088197
32 35000000 11.599510 0.996826
64 35000000 11.599510 0.766833
128 35000000 11.599510 0.782501
160 35000000 11.599510 0.716532
2 50000000 11.599509 25.176615
4 50000000 11.599509 12.453094
8 50000000 11.599509 6.538517
16 50000000 11.599509 3.365119
32 50000000 11.599509 1.466637
64 50000000 11.599509 1.134201
128 50000000 11.599509 1.052954
160 50000000 11.599509 0.838469
2 10000000 11.599510 5.067708
4 10000000 11.599510 2.584461
8 10000000 11.599510 1.349311
16 10000000 11.599510 0.711164
32 10000000 11.599510 0.344117
64 10000000 11.599510 0.234483
128 10000000 11.599510 0.260657
160 10000000 11.599510 0.227337
2 25000000 11.599509 11.907955
4 25000000 11.599509 6.564979
8 25000000 11.599509 3.469505
16 25000000 11.599509 1.779166
32 25000000 11.599509 0.884883
64 25000000 11.599509 0.526103
128 25000000 11.599509 0.527795
160 25000000 11.599509 0.562873
2 35000000 11.599510 18.149487
4 35000000 11.599510 8.833262
8 35000000 11.599510 4.767375
16 35000000 11.599510 2.366097
32 35000000 11.599510 0.866855
64 35000000 11.599510 0.752840
128 35000000 11.599510 0.730344
160 35000000 11.599510 0.654314
2 50000000 11.599509 24.361122
4 50000000 11.599509 12.334244
8 50000000 11.599509 6.724704
16 50000000 11.599509 3.451004
32 50000000 11.599509 1.431069
64 50000000 11.599509 1.133264
128 50000000 11.599509 1.020427
160 50000000 11.599509 1.036390
2 10000000 11.599510 4.967956
4 10000000 11.599510 2.629551
8 10000000 11.599510 1.390180
16 10000000 11.599510 0.659963
32 10000000 11.599510 0.247847
64 10000000 11.599510 0.229915
128 10000000 11.599510 0.270128
160 10000000 11.599510 0.228850
2 25000000 11.599509 12.255480
4 25000000 11.599509 5.848742
8 25000000 11.599509 3.400201
16 25000000 11.599509 1.733005
32 25000000 11.599509 0.675519
64 25000000 11.599509 0.546795
128 25000000 11.599509 0.590281
160 25000000 11.599509 0.581818
2 35000000 11.599510 18.608978
4 35000000 11.599510 8.483486
8 35000000 11.599510 4.668111
16 35000000 11.599510 2.360584
32 35000000 11.599510 0.805001
64 35000000 11.599510 0.782542
128 35000000 11.599510 0.710073
160 35000000 11.599510 0.691350
2 50000000 11.599509 26.664116
4 50000000 11.599509 12.587193
8 50000000 11.599509 6.752323
16 50000000 11.599509 3.486174
32 50000000 11.599509 1.707055
64 50000000 11.599509 1.036064
128 50000000 11.599509 1.014378
160 50000000 11.599509 0.912953
2 10000000 11.599510 4.754829
4 10000000 11.599510 2.502045
8 10000000 11.599510 1.392418
16 10000000 11.599510 0.694376
32 10000000 11.599510 0.277818
64 10000000 11.599510 0.235135
128 10000000 11.599510 0.284267
160 10000000 11.599510 0.209363
2 25000000 11.599509 11.492019
4 25000000 11.599509 6.095220
8 25000000 11.599509 3.415282
16 25000000 11.599509 1.720817
32 25000000 11.599509 0.730940
64 25000000 11.599509 0.575785
128 25000000 11.599509 0.596088
160 25000000 11.599509 0.668313
2 35000000 11.599510 16.938335
4 35000000 11.599510 8.871273
8 35000000 11.599510 4.712874
16 35000000 11.599510 2.416155
32 35000000 11.599510 1.029194
64 35000000 11.599510 0.723148
128 35000000 11.599510 0.798154
160 35000000 11.599510 0.722225
2 50000000 11.599509 24.449436
4 50000000 11.599509 12.833740
8 50000000 11.599509 6.742335
16 50000000 11.599509 3.492872
32 50000000 11.599509 1.373789
64 50000000 11.599509 1.034282
128 50000000 11.599509 1.244305
160 50000000 11.599509 1.175193
2 10000000 11.599510 5.047410
4 10000000 11.599510 2.548353
8 10000000 11.599510 1.191300
16 10000000 11.599510 0.643345
32 10000000 11.599510 0.235491
64 10000000 11.599510 0.230353
128 10000000 11.599510 0.243403
160 10000000 11.599510 0.259835
2 25000000 11.599509 11.176211
4 25000000 11.599509 6.485415
8 25000000 11.599509 3.068707
16 25000000 11.599509 1.722521
32 25000000 11.599509 0.827539
64 25000000 11.599509 0.554545
128 25000000 11.599509 0.603985
160 25000000 11.599509 0.563331
2 35000000 11.599510 17.011967
4 35000000 11.599510 8.321371
8 35000000 11.599510 4.602566
16 35000000 11.599510 2.417941
32 35000000 11.599510 1.234403
64 35000000 11.599510 0.656343
128 35000000 11.599510 0.705485
160 35000000 11.599510 0.671051
2 50000000 11.599509 26.785917
4 50000000 11.599509 12.384952
8 50000000 11.599509 6.747141
16 50000000 11.599509 3.294343
32 50000000 11.599509 1.603091
64 50000000 11.599509 0.902066
128 50000000 11.599509 0.945054
160 50000000 11.599509 0.968664
